format long;
%mmHg = [150 140 130 120 110 100 90 80 70 60 50 40 30];
%N = [71 66 62 57 53 48 43 38 33 27 22 16 9];

mmHg = [68 80 90 100 110 120 130 140 150 160 170 180 190 200 210 220 230 240 250];
N = [13.23333333 17.46666667 20.53333333 22.96666667 26.26666667 29.5 33.2 36.7 40.26666667 44.16666667 47.6 51.2 55.2 58.33333333 61.86666667 65.93333333 70.6 73.5 77.23333333];   
P = mmHg-20;
S = N/(133.32*P)
%0.002138452761532    0.002360149808084  0.002588313018494
%0.003814696822379